# transform file FA_aligned.lta
# created by frankenclimber on Fri Mar 28 13:10:09 2025

type      = 1 # LINEAR_RAS_TO_RAS
nxforms   = 1
mean      = 64.0000 59.0000 17.0000
sigma     = 10000.0000
1 4 4
9.921334981918335e-01 1.251036673784256e-01 4.461193457245827e-03 2.405357360839844e+00 
-1.247528865933418e-01 9.910476207733154e-01 -4.755005985498428e-02 -1.673907470703125e+01 
-1.036998257040977e-02 4.661961272358894e-02 9.988587498664856e-01 -2.287277221679688e+01 
0.000000000000000e+00 0.000000000000000e+00 0.000000000000000e+00 1.000000000000000e+00 
src volume info
valid = 1  # volume info valid
filename = FA_converted.mgz
volume = 128 128 34
voxelsize = 1.718750000000000e+00 1.718750000000000e+00 5.199999809265137e+00
xras   = -9.667741134762764e-03 -9.225990772247314e-01 3.856390714645386e-01
yras   = -8.242575079202652e-02 3.850799202919006e-01 9.191949963569641e-01
zras   = 9.965503215789795e-01 2.290000952780247e-02 7.976881414651871e-02
cras   = 3.998947143554688e-01 3.527740859985352e+01 1.239883422851562e+00
dst volume info
valid = 1  # volume info valid
filename = T1.mgz
volume = 478 640 640
voxelsize = 3.750000000000000e-01 3.750000000000000e-01 3.750000000000000e-01
xras   = -9.957399964332581e-01 8.413477987051010e-02 3.772598505020142e-02
yras   = 8.536535501480103e-02 9.958264231681824e-01 3.228693082928658e-02
zras   = 3.485208004713058e-02 -3.536988049745560e-02 9.987663626670837e-01
cras   = 2.275154113769531e+00 7.696830749511719e+00 -3.655590057373047e+01
